Layout=
+2 +2 +2 +2 +2 +2 +2 +2 +2 +2 +2 -1 -1 +2 +2 +2 +2 +2 +2 +2
+2 +2 +2 +2 +2 +2 +2 +2 +2 +2 +2 -1 -1 +2 +2 +2 +2 +2 +2 +2
+2 +2 +2 +2 +2 +2 +2 +2 +2 +2 +2 -1 -1 +2 +2 +2 +2 +2 +2 +2
+2 +2 +2 +2 +2 +2 +2 +2 +2 +2 +2 -1 -1 +2 +2 +2 +2 +2 +2 +2
+2 +2 +2 +2 +2 +2 +2 +2 +2 +2 +2 -1 -1 +2 +2 +2 +2 +2 +2 +2
+2 +2 +2 +2 +2 +2 +2 +2 +2 +2 +2 -1 -1 +2 +2 +2 +2 +2 +2 +2
+2 +2 +2 +2 +2 +2 +2 +2 +2 +2 +2 -1 -1 +2 +2 +2 +2 +2 +2 +2
+2 +2 +2 +2 +2 +2 +2 +2 +2 +2 +2 -1 -1 +2 +2 +2 +2 +2 +2 +2
+2 +2 +2 +2 +2 +2 +2 +2 +2 +2 +2 -1 -1 +2 +2 +2 +2 +2 +2 +2
+2 +2 +2 +2 +2 +2 +2 +2 +2 +2 +2 -1 -1 +2 +2 +2 +2 +2 +2 +2;

Lights=
	
;

Exits=
	Down=4,4:
;