Layout=
-1 -1 -1 -1 -1 -1 -1 -1 -1 -1 -1 -1 -1 -1 +2 -1 -1 +2 -1 -1
-1 -1 -1 -1 -1 -1 -1 -1 -1 -1 -1 -1 -1 -1 +2 -1 -1 +2 -1 -1
-1 -1 -1 +2 +2 -1 -1 -1 -1 -1 -1 -1 -1 -1 -1 -1 -1 -1 -1 -1
-1 -1 -1 +2 +2 +2 -1 -1 -1 -1 -1 -1 -1 -1 -1 -1 -1 -1 -1 -1
-1 -1 -1 +2 +2 +2 +2 -1 -1 -1 -1 -1 -1 -1 -1 -1 -1 -1 -1 -1
-1 -1 -1 +2 +2 +2 +2 +2 -1 -1 -1 -1 -1 -1 -1 -1 -1 -1 -1 -1
-1 -1 -1 +2 +2 +2 +2 +2 +2 -1 -1 -1 -1 -1 -1 -1 -1 -1 -1 -1
+2 +2 +2 +2 +2 +2 +2 +2 +2 +2 +2 +2 +2 +2 +2 +2 +2 +2 +2 +2
+2 +2 +2 +2 +2 +2 +2 +2 +2 +2 +2 +2 +2 +2 +2 +2 +2 +2 +2 +2
+2 +2 +2 +2 +2 +2 +2 +2 +2 +2 +2 +2 +2 +2 +2 +2 +2 +2 +2 +2;

Lights=
	0=0.7,0.7,0,7,1.5,0.7:
	1=-0.7,0.7,0,7,1.5,0.7:
;

Exits=
	Left=-4,4:
;